2000.000 0.100 200
267.753 272.814 902.430 0.000 0.000 0.000 999999937746599673856.000
148.850 1139.694 1270.462 0.000 0.000 0.000 1000000875565960658944.000
178.906 1112.358 1579.304 0.000 0.000 0.000 999999586031617966080.000
499.556 583.729 1606.473 0.000 0.000 0.000 999998583145531572224.000
949.188 539.879 572.084 0.000 0.000 0.000 999999725818528137216.000
612.373 643.518 226.348 0.000 0.000 0.000 1000001630278861193216.000
238.706 138.238 1389.522 0.000 0.000 0.000 1000001166908847554560.000
785.048 1059.875 796.741 0.000 0.000 0.000 1000000594286765408256.000
380.714 1193.982 1776.841 0.000 0.000 0.000 999999604565892530176.000
566.530 1770.609 523.550 0.000 0.000 0.000 999999889143744561152.000
1040.970 39.043 1013.376 0.000 0.000 0.000 1000000431796491517952.000
988.623 1101.573 1457.677 0.000 0.000 0.000 999999506548068974592.000
28.051 899.602 366.499 0.000 0.000 0.000 1000000220448245809152.000
1152.861 1847.738 48.789 0.000 0.000 0.000 999999855830366158848.000
1529.836 1498.418 1527.113 0.000 0.000 0.000 1000000035116252397568.000
971.115 492.105 1922.864 0.000 0.000 0.000 1000000264840825274368.000
1321.905 1082.417 1194.117 0.000 0.000 0.000 1000001780487144734720.000
1441.514 919.112 1272.062 0.000 0.000 0.000 1000000682028364070912.000
1549.356 1793.807 1346.240 0.000 0.000 0.000 999999981815441522688.000
1457.392 1561.274 541.702 0.000 0.000 0.000 999998839432489467904.000
281.387 1546.428 947.666 0.000 0.000 0.000 1000001074630358073344.000
1759.236 1530.157 86.373 0.000 0.000 0.000 1000001403579101216768.000
1733.393 536.722 1908.400 0.000 0.000 0.000 999999818321709498368.000
820.484 1435.880 1296.691 0.000 0.000 0.000 999999632252787359744.000
1181.917 188.498 202.168 0.000 0.000 0.000 1000000760010524327936.000
707.123 993.835 1330.302 0.000 0.000 0.000 999998986481871618048.000
1328.751 615.958 448.996 0.000 0.000 0.000 1000000626648157519872.000
303.568 1573.323 998.190 0.000 0.000 0.000 1000000793046320676864.000
528.653 1008.440 986.444 0.000 0.000 0.000 1000000250499638755328.000
453.858 565.411 820.338 0.000 0.000 0.000 999997686907807072256.000
249.711 1620.360 1712.173 0.000 0.000 0.000 1000001830193586896896.000
45.200 1765.679 1316.441 0.000 0.000 0.000 999999754011294957568.000
1445.922 739.411 95.317 0.000 0.000 0.000 1000002408930105491456.000
732.055 789.448 1388.697 0.000 0.000 0.000 1000000278681336414208.000
359.325 929.533 1186.998 0.000 0.000 0.000 999999580052065091584.000
964.559 864.276 593.893 0.000 0.000 0.000 999999964241595465728.000
187.171 655.843 261.195 0.000 0.000 0.000 1000001081094036520960.000
1057.718 64.425 1882.690 0.000 0.000 0.000 999999545595901509632.000
420.621 645.800 1057.104 0.000 0.000 0.000 1000000137373628891136.000
1031.854 749.291 544.136 0.000 0.000 0.000 1000000745292824444928.000
886.975 1263.826 970.159 0.000 0.000 0.000 1000000248038101483520.000
1161.365 980.038 418.082 0.000 0.000 0.000 1000000730196845264896.000
420.878 973.090 1748.622 0.000 0.000 0.000 999999766681756631040.000
904.906 1129.330 426.476 0.000 0.000 0.000 1000000422989434191872.000
96.173 1421.326 1262.884 0.000 0.000 0.000 1000002388885943091200.000
118.189 819.866 1504.204 0.000 0.000 0.000 999999614002001608704.000
210.392 1410.485 169.253 0.000 0.000 0.000 1000000312714911023104.000
1782.438 1902.736 40.634 0.000 0.000 0.000 1000001161092016504832.000
1213.907 1001.015 846.507 0.000 0.000 0.000 999999131968189628416.000
1029.721 1013.786 930.961 0.000 0.000 0.000 1000000806738967265280.000
899.046 285.909 1167.965 0.000 0.000 0.000 999999169869550583808.000
954.026 1063.646 521.667 0.000 0.000 0.000 1000001863752213463040.000
1810.743 519.962 1369.097 0.000 0.000 0.000 1000000702201855475712.000
1910.236 1570.672 1405.368 0.000 0.000 0.000 1000000225873485496320.000
759.162 957.878 763.040 0.000 0.000 0.000 1000001455922808487936.000
1979.619 745.504 1533.755 0.000 0.000 0.000 1000001217043157745664.000
292.717 1142.433 466.498 0.000 0.000 0.000 1000001002126533066752.000
1609.498 1450.942 805.934 0.000 0.000 0.000 999998927167848841216.000
405.362 281.153 839.208 0.000 0.000 0.000 999999854278977257472.000
680.535 1409.048 33.372 0.000 0.000 0.000 999998656265058779136.000
930.673 864.390 1719.202 0.000 0.000 0.000 999998374508875218944.000
1316.452 122.603 1151.404 0.000 0.000 0.000 1000001023525354995712.000
1614.081 1830.121 1891.541 0.000 0.000 0.000 999999754659278749696.000
815.774 1612.724 723.442 0.000 0.000 0.000 1000000142319117271040.000
633.310 1278.202 1270.601 0.000 0.000 0.000 999999021291659460608.000
1788.635 1955.319 798.942 0.000 0.000 0.000 999997154646279061504.000
431.723 1637.626 1748.860 0.000 0.000 0.000 999999773560788615168.000
1713.904 196.144 1368.528 0.000 0.000 0.000 1000000195192598429696.000
503.731 1345.435 225.093 0.000 0.000 0.000 999998573205850554368.000
738.073 1831.331 1569.206 0.000 0.000 0.000 999999902207014731776.000
487.281 1423.199 118.490 0.000 0.000 0.000 1000002080252151070720.000
764.557 490.370 1439.827 0.000 0.000 0.000 999999902258122850304.000
439.161 1393.926 1002.361 0.000 0.000 0.000 1000000603409553293312.000
1864.673 680.861 1695.253 0.000 0.000 0.000 999999359763572850688.000
1969.161 741.779 1286.693 0.000 0.000 0.000 1000000217570068922368.000
307.644 958.252 1236.435 0.000 0.000 0.000 999999641270129524736.000
1982.957 1609.626 1329.495 0.000 0.000 0.000 1000001962214805471232.000
1787.478 396.218 1984.259 0.000 0.000 0.000 999998691005952032768.000
1536.246 1980.762 1456.424 0.000 0.000 0.000 999997437295235563520.000
815.172 1902.750 1772.135 0.000 0.000 0.000 999998858458758119424.000
710.955 1516.628 1490.079 0.000 0.000 0.000 999996511012348887040.000
109.193 1782.118 1566.145 0.000 0.000 0.000 999999992949473804288.000
1060.207 1050.048 792.908 0.000 0.000 0.000 999999123023157657600.000
1429.643 857.868 1881.519 0.000 0.000 0.000 999999627383727194112.000
523.716 1001.915 1978.637 0.000 0.000 0.000 999998591224484593664.000
1958.914 812.573 1381.816 0.000 0.000 0.000 1000000677855068684288.000
1082.047 1530.195 313.371 0.000 0.000 0.000 1000001051005020274688.000
992.715 541.662 1018.859 0.000 0.000 0.000 1000001082254596374528.000
309.424 743.083 544.320 0.000 0.000 0.000 1000000005861881151488.000
29.509 1449.239 1490.677 0.000 0.000 0.000 999999148273513136128.000
824.125 1096.514 1667.860 0.000 0.000 0.000 1000001183130721189888.000
1985.136 796.181 1125.235 0.000 0.000 0.000 999998706044949102592.000
389.275 343.455 962.574 0.000 0.000 0.000 1000001467071322259456.000
1928.879 947.986 1792.291 0.000 0.000 0.000 999998934159347548160.000
867.196 1289.330 1196.612 0.000 0.000 0.000 999998681807153266688.000
175.392 673.438 1072.449 0.000 0.000 0.000 999998901021179641856.000
933.204 1548.573 1548.162 0.000 0.000 0.000 999999758286134181888.000
667.445 1164.380 933.792 0.000 0.000 0.000 1000001695950998077440.000
1792.438 182.549 644.505 0.000 0.000 0.000 1000001449478195773440.000
1397.486 1384.571 1426.714 0.000 0.000 0.000 1000000280461975224320.000
1098.965 1759.807 710.308 0.000 0.000 0.000 1000002291803828912128.000
1919.265 856.840 1116.763 0.000 0.000 0.000 1000000695055438446592.000
1058.939 534.365 1465.567 0.000 0.000 0.000 1000001190622247124992.000
473.249 1910.045 189.293 0.000 0.000 0.000 1000000430778120142848.000
267.147 659.586 210.038 0.000 0.000 0.000 1000000783534273986560.000
792.192 212.642 1978.549 0.000 0.000 0.000 1000001090837673148416.000
448.368 1394.279 958.997 0.000 0.000 0.000 999999831124604354560.000
1023.848 1979.592 1252.733 0.000 0.000 0.000 999998443444785905664.000
1536.036 313.388 1609.471 0.000 0.000 0.000 999999402913400750080.000
580.233 1330.885 1721.002 0.000 0.000 0.000 999999311679286542336.000
1208.669 1676.742 914.359 0.000 0.000 0.000 1000001103924310704128.000
1475.016 849.963 154.067 0.000 0.000 0.000 1000002531274944020480.000
1838.485 797.513 957.428 0.000 0.000 0.000 999999894623634718720.000
871.008 459.475 1030.883 0.000 0.000 0.000 1000000965374433034240.000
1149.004 165.003 686.570 0.000 0.000 0.000 1000000961348508712960.000
1619.472 1249.236 1334.772 0.000 0.000 0.000 999999326208931659776.000
481.714 1641.949 1916.544 0.000 0.000 0.000 999998668414849777664.000
998.554 1259.109 986.690 0.000 0.000 0.000 999999524478764843008.000
1072.020 70.397 1256.869 0.000 0.000 0.000 999999542356406304768.000
626.051 1038.285 591.716 0.000 0.000 0.000 1000000159919290712064.000
1581.757 1075.575 599.471 0.000 0.000 0.000 999999735904854212608.000
978.551 1058.795 432.403 0.000 0.000 0.000 1000000048087951605760.000
1525.698 1370.413 910.215 0.000 0.000 0.000 999999976155642200064.000
419.503 1092.913 847.763 0.000 0.000 0.000 999998525406811389952.000
1884.105 1068.295 290.037 0.000 0.000 0.000 1000001295288998297600.000
1201.992 1341.368 418.321 0.000 0.000 0.000 1000002086626671591424.000
1262.393 1836.332 1025.994 0.000 0.000 0.000 1000000097073397366784.000
644.002 64.994 1969.216 0.000 0.000 0.000 1000000319710740217856.000
1222.133 492.756 820.151 0.000 0.000 0.000 1000001164903698661376.000
155.943 504.820 1206.262 0.000 0.000 0.000 999999941663410880512.000
1431.749 594.910 866.708 0.000 0.000 0.000 1000001137057635893248.000
1341.556 1890.636 1390.245 0.000 0.000 0.000 1000001369796211507200.000
475.939 1951.266 1216.016 0.000 0.000 0.000 1000000002020802691072.000
1243.047 1108.175 1094.177 0.000 0.000 0.000 1000000221524049657856.000
436.541 364.494 42.716 0.000 0.000 0.000 1000000642290993725440.000
821.908 720.277 655.723 0.000 0.000 0.000 1000002565020435087360.000
1329.111 917.978 1052.465 0.000 0.000 0.000 999999495523004973056.000
1811.315 1905.429 1542.275 0.000 0.000 0.000 999999423827202801664.000
976.731 1120.612 230.241 0.000 0.000 0.000 1000000355372142952448.000
1425.673 1210.803 1052.036 0.000 0.000 0.000 999999482435499065344.000
1050.918 1872.443 1322.438 0.000 0.000 0.000 1000001056337199235072.000
1524.806 1117.687 263.387 0.000 0.000 0.000 1000000547266193915904.000
1930.215 1204.870 1006.988 0.000 0.000 0.000 1000000671172810113024.000
1891.552 287.111 1934.748 0.000 0.000 0.000 999998926046058381312.000
452.963 749.331 286.623 0.000 0.000 0.000 999999931168641646592.000
1881.716 1322.805 738.554 0.000 0.000 0.000 999999116708345151488.000
135.672 1185.696 15.596 0.000 0.000 0.000 1000000877567740346368.000
356.964 658.597 1940.561 0.000 0.000 0.000 999999810448279732224.000
783.492 108.441 209.827 0.000 0.000 0.000 999996456995544104960.000
228.164 1239.119 1114.202 0.000 0.000 0.000 1000000236089512034304.000
442.972 1400.920 1501.136 0.000 0.000 0.000 999999884448066174976.000
748.796 1774.728 188.935 0.000 0.000 0.000 999999586847462653952.000
1302.352 1962.152 1883.984 0.000 0.000 0.000 999999961294516518912.000
1169.812 1560.922 1090.290 0.000 0.000 0.000 1000000999608550555648.000
1276.899 1778.387 157.709 0.000 0.000 0.000 999999356915611074560.000
1514.189 1311.856 648.785 0.000 0.000 0.000 999999874155921276928.000
714.950 495.224 104.500 0.000 0.000 0.000 1000000444011443388416.000
1060.411 1320.341 500.036 0.000 0.000 0.000 999999701276149284864.000
233.068 865.318 1542.366 0.000 0.000 0.000 999998999917952761856.000
1992.797 427.098 1515.383 0.000 0.000 0.000 999999605473118781440.000
1791.318 425.240 750.355 0.000 0.000 0.000 999999925663899582464.000
1714.124 1528.947 1036.410 0.000 0.000 0.000 999998449180030271488.000
1838.316 379.598 1924.816 0.000 0.000 0.000 999999535546248069120.000
1732.203 1677.072 1230.419 0.000 0.000 0.000 999999607772111831040.000
1267.343 1650.498 489.700 0.000 0.000 0.000 999999639269397626880.000
1131.322 1810.949 1968.684 0.000 0.000 0.000 1000000895611752284160.000
1024.130 1026.650 1536.717 0.000 0.000 0.000 999999464777818701824.000
1450.848 189.996 1658.239 0.000 0.000 0.000 999999336709776080896.000
240.140 222.372 1370.601 0.000 0.000 0.000 1000000294990234124288.000
988.706 1424.247 1466.640 0.000 0.000 0.000 1000000037219940433920.000
1805.180 1059.681 1996.877 0.000 0.000 0.000 999998955504732602368.000
1484.815 121.143 266.869 0.000 0.000 0.000 1000000526186481713152.000
909.911 627.015 1626.488 0.000 0.000 0.000 1000002219028669267968.000
1911.400 673.080 1097.551 0.000 0.000 0.000 999999507087051849728.000
829.563 1930.701 857.931 0.000 0.000 0.000 1000000209688272568320.000
856.387 1984.973 1643.645 0.000 0.000 0.000 999998806367246221312.000
1886.639 447.986 1509.358 0.000 0.000 0.000 1000000255239052591104.000
1715.820 154.852 1085.624 0.000 0.000 0.000 1000001032236302467072.000
1233.951 263.232 255.063 0.000 0.000 0.000 999998309673010200576.000
332.230 530.104 1205.320 0.000 0.000 0.000 1000000662212112285696.000
967.767 1448.143 12.887 0.000 0.000 0.000 999997879915128946688.000
1769.766 1827.899 1896.063 0.000 0.000 0.000 1000000248005861965824.000
495.004 1061.595 187.766 0.000 0.000 0.000 1000001906647623008256.000
1152.343 963.846 1707.458 0.000 0.000 0.000 999999583934380900352.000
309.383 1472.651 1008.191 0.000 0.000 0.000 999999511992677433344.000
939.296 812.060 529.265 0.000 0.000 0.000 999999866999440670720.000
613.290 772.099 1046.673 0.000 0.000 0.000 1000001088590988181504.000
1563.448 1272.836 1181.547 0.000 0.000 0.000 1000000225679560933376.000
1313.904 1607.345 187.636 0.000 0.000 0.000 999999749865884614656.000
1742.852 207.757 846.030 0.000 0.000 0.000 1000000991510309371904.000
1678.052 140.383 396.277 0.000 0.000 0.000 999999927647711002624.000
1909.162 1813.906 1372.692 0.000 0.000 0.000 1000000105817826131968.000
250.371 1123.954 1708.214 0.000 0.000 0.000 1000001243515378335744.000
1960.837 1807.363 1490.243 0.000 0.000 0.000 1000000213251653369856.000
369.866 922.771 1307.253 0.000 0.000 0.000 999999780018475892736.000
1055.785 306.189 1043.649 0.000 0.000 0.000 999999647193186828288.000
1869.365 1835.767 1133.281 0.000 0.000 0.000 999998791474276597760.000
1672.819 997.399 1982.632 0.000 0.000 0.000 999998470158247002112.000
1962.872 909.881 542.740 0.000 0.000 0.000 999999057895979220992.000
1458.053 1053.930 873.421 0.000 0.000 0.000 999999343473426300928.000
